version: 1
created_at: 2026-04-29T04:05:40.564745Z
updated_at: 2026-04-29T04:05:40.564745Z
counters:
    last_inbox: 0
    last_work: 0
    last_event: 0
