version: 1
created_at: 2026-04-29T04:24:05.923481Z
updated_at: 2026-04-29T04:24:05.923481Z
counters:
    last_inbox: 0
    last_work: 0
    last_event: 0
